RESULT 0
cost 20
time 0.08343672752380371
1 16 1
2 11 1
1 17 1
2 1 1
1 18 1
2 4 1
END
RESULT 1
cost 15
time 0.06073117256164551
1 5 1
2 1 1
1 15 1
2 18 1
1 9 1
2 13 1
END
RESULT 2
cost 22
time 0.07431197166442871
1 5 1
2 10 1
1 14 1
2 4 1
1 6 1
2 14 1
1 18 1
2 4 1
END
RESULT 3
cost 18
time 0.0948171615600586
1 6 1
2 3 1
1 7 1
2 6 1
1 10 1
2 13 1
1 9 1
2 18 1
END
RESULT 4
cost 24
time 0.09161591529846191
1 19 1
2 17 1
1 21 1
2 19 1
1 24 1
2 4 1
1 14 1
2 24 1
END
RESULT 5
cost 16
time 0.07980489730834961
1 1 1
2 3 1
1 0 1
2 1 1
1 7 1
2 12 1
1 8 1
2 22 1
END
RESULT 6
cost 11
time 0.02725505828857422
1 2 1
2 18 1
1 11 1
2 21 1
END
RESULT 7
cost 18
time 0.05922818183898926
1 13 2
2 3 2
1 7 1
2 13 1
1 9 1
2 0 1
END
RESULT 8
END
RESULT 9
END
RESULT 10
END
RESULT 11
cost 27
time 0.07593202590942383
1 17 1
2 15 1
1 16 1
2 17 1
1 9 1
2 23 1
1 0 1
2 15 1
END
RESULT 12
cost 18
time 0.08019471168518066
1 2 1
2 6 1
1 22 1
2 23 1
1 18 1
2 16 1
1 19 1
2 8 1
END
RESULT 13
cost 21
time 0.08440589904785156
1 17 1
2 12 1
1 13 1
2 4 1
1 14 1
2 9 1
1 16 1
2 1 1
END
RESULT 14
cost 20
time 0.06238102912902832
1 3 1
2 15 1
1 10 1
2 15 1
1 5 1
2 24 1
END
RESULT 15
cost 14
time 0.0879368782043457
1 6 1
2 16 1
1 17 1
2 22 1
1 11 1
2 13 1
1 19 1
2 24 1
END
RESULT 16
cost 18
time 0.06299805641174316
1 6 1
2 23 1
1 18 1
2 16 1
1 14 1
2 10 1
END
RESULT 17
END
RESULT 18
cost 23
time 0.09441685676574707
1 4 1
2 14 1
1 24 1
2 23 1
1 3 1
2 22 1
1 11 1
2 5 1
END
RESULT 19
cost 22
time 0.08492493629455566
1 0 1
2 12 1
1 3 1
2 18 1
1 13 1
2 21 1
1 24 1
2 16 1
END
RESULT 20
cost 22
time 0.08033013343811035
1 12 1
2 7 1
1 17 1
2 3 1
1 19 1
2 23 1
1 22 1
2 2 1
END
RESULT 21
cost 21
time 0.08739399909973145
1 0 1
2 3 1
1 11 2
2 1 1
2 0 1
1 21 1
2 9 1
END
RESULT 22
cost 22
time 0.08067727088928223
1 2 1
2 8 1
1 7 1
2 6 1
1 4 1
2 21 1
1 20 1
2 24 1
END
RESULT 23
cost 12
time 0.05821704864501953
1 6 1
2 11 1
1 16 1
2 9 1
1 8 1
2 4 1
END
RESULT 24
END
RESULT 25
cost 18
time 0.0851750373840332
1 11 1
2 6 1
1 12 1
2 22 1
1 19 1
2 14 1
1 8 1
2 0 1
END
RESULT 26
cost 32
time 0.08031010627746582
1 11 1
2 22 1
1 18 1
2 0 1
1 4 1
2 5 1
1 9 1
2 16 1
END
RESULT 27
END
RESULT 28
cost 13
time 0.05830240249633789
1 15 1
2 16 1
1 17 1
2 9 1
1 7 1
2 17 1
END
RESULT 29
END
RESULT 30
cost 24
time 0.08400797843933105
1 16 1
2 10 1
1 13 1
2 16 1
1 22 1
2 2 1
1 12 1
2 4 1
END
RESULT 31
cost 24
time 0.07867097854614258
1 17 1
2 19 1
1 14 1
2 11 1
1 7 1
2 20 1
1 21 1
2 14 1
END
RESULT 32
cost 13
time 0.07879400253295898
1 5 1
2 1 1
1 2 1
2 0 1
1 10 1
2 15 1
1 17 1
2 13 1
END
RESULT 33
END
RESULT 34
END
RESULT 35
END
RESULT 36
cost 25
time 0.08120489120483398
1 6 1
2 2 1
1 7 1
2 9 1
1 15 1
2 7 1
1 21 1
2 19 1
END
RESULT 37
cost 16
time 0.08179402351379395
1 5 1
2 15 1
1 21 1
2 16 1
1 19 1
2 24 1
1 14 1
2 2 1
END
RESULT 38
END
RESULT 39
END
RESULT 40
cost 21
time 0.08808231353759766
1 2 1
2 5 1
1 11 1
2 24 1
1 13 1
2 2 1
1 7 1
2 13 1
END
RESULT 41
cost 14
time 0.09437894821166992
1 2 1
2 12 1
1 13 1
2 18 1
1 23 1
2 17 1
1 20 1
2 16 1
END
RESULT 42
cost 21
time 0.08714532852172852
1 7 1
2 12 1
1 9 1
2 17 1
1 23 1
2 9 1
1 4 1
2 7 1
END
RESULT 43
cost 30
time 0.10288286209106445
1 15 1
2 2 1
1 17 1
2 8 1
1 23 1
2 9 1
1 21 1
2 24 1
END
RESULT 44
cost 26
time 0.05643177032470703
1 20 1
2 0 1
1 16 1
2 14 1
1 21 1
2 0 1
END
RESULT 45
cost 21
time 0.0622868537902832
1 11 1
2 2 1
1 19 1
2 20 1
1 24 1
2 23 1
END
RESULT 46
cost 16
time 0.06290793418884277
1 0 1
2 20 1
1 24 1
2 21 1
1 15 1
2 6 1
END
RESULT 47
END
RESULT 48
END
RESULT 49
cost 15
time 0.0375208854675293
1 22 1
2 17 1
1 15 1
2 3 1
END
RESULT 50
END
RESULT 51
cost 23
time 0.09006214141845703
1 0 1
2 8 1
1 22 1
2 23 1
1 14 1
2 22 1
1 10 1
2 1 1
END
RESULT 52
cost 22
time 0.07917904853820801
1 5 1
2 12 1
1 13 1
2 11 1
1 9 1
2 21 1
1 18 1
2 22 1
END
RESULT 53
cost 29
time 0.07425999641418457
1 6 1
2 8 1
1 17 1
2 6 1
1 22 1
2 6 1
1 24 1
2 3 1
END
RESULT 54
END
RESULT 55
cost 15
time 0.056604862213134766
1 3 1
2 8 1
1 17 1
2 23 1
1 20 1
2 11 1
END
RESULT 56
cost 8
time 0.01851487159729004
1 15 1
2 14 1
END
RESULT 57
cost 15
time 0.05491304397583008
1 0 1
2 8 1
1 13 1
2 10 1
1 5 1
2 23 1
END
RESULT 58
cost 19
time 0.056291818618774414
1 22 1
2 17 1
1 16 1
2 1 1
1 9 1
2 11 1
END
RESULT 59
cost 18
time 0.06126999855041504
1 1 1
2 13 1
1 9 1
2 10 1
1 0 1
2 20 1
END
RESULT 60
cost 27
time 0.07254314422607422
1 9 1
2 5 1
1 18 1
2 15 1
1 14 1
2 1 1
END
RESULT 61
cost 13
time 0.07323098182678223
1 10 1
2 15 1
1 12 1
2 7 1
1 18 1
2 9 1
END
RESULT 62
cost 14
time 0.0648190975189209
1 4 1
2 19 1
1 14 1
2 17 1
1 23 1
2 24 1
END
RESULT 63
cost 12
time 0.056231021881103516
1 6 2
2 11 1
2 10 1
1 1 1
2 20 1
END
RESULT 64
END
RESULT 65
cost 11
time 0.03482389450073242
1 15 1
2 18 1
1 8 1
2 19 1
END
RESULT 66
cost 10
time 0.07270598411560059
1 1 1
2 7 1
1 3 1
2 8 1
1 5 1
2 10 1
END
RESULT 67
cost 12
time 0.03220415115356445
1 2 1
2 20 1
1 22 1
2 18 1
END
RESULT 68
cost 16
time 0.0653831958770752
1 0 1
2 3 1
1 11 1
2 24 1
1 22 1
2 20 1
END
RESULT 69
cost 16
time 0.060794830322265625
1 0 1
2 21 1
1 18 1
2 14 1
1 4 1
2 24 1
END
RESULT 70
cost 19
time 0.07304978370666504
1 4 1
2 1 1
1 2 1
2 6 1
1 9 1
2 15 1
END
RESULT 71
cost 17
time 0.0520939826965332
1 1 1
2 19 1
1 24 1
2 13 1
1 11 1
2 19 1
END
RESULT 72
END
RESULT 73
cost 16
time 0.06633496284484863
1 12 1
2 2 1
1 7 1
2 22 1
1 20 1
2 0 1
END
RESULT 74
cost 8
time 0.031655073165893555
1 16 1
2 21 1
1 17 1
2 22 1
END
RESULT 75
cost 14
time 0.029642105102539062
1 1 1
2 14 1
1 21 1
2 10 1
END
RESULT 76
cost 16
time 0.07126617431640625
1 8 1
2 22 1
1 7 1
2 8 1
1 9 1
2 12 1
END
RESULT 77
cost 18
time 0.05927300453186035
1 3 1
2 14 1
1 4 1
2 16 1
1 15 1
2 22 1
END
RESULT 78
END
RESULT 79
END
RESULT 80
END
RESULT 81
cost 22
time 0.0550999641418457
1 1 1
2 21 1
1 6 1
2 22 1
1 14 1
2 20 1
END
RESULT 82
cost 16
time 0.03003692626953125
1 3 1
2 24 1
1 8 1
2 16 1
END
RESULT 83
cost 16
time 0.06826496124267578
1 3 1
2 2 1
1 17 1
2 8 1
1 13 1
2 20 1
END
RESULT 84
END
RESULT 85
cost 13
time 0.05581784248352051
1 2 1
2 12 1
1 18 1
2 11 1
1 21 1
2 15 1
END
RESULT 86
cost 16
time 0.05596303939819336
1 1 1
2 2 1
1 16 1
2 17 1
1 19 1
2 0 1
END
RESULT 87
cost 17
time 0.05549001693725586
1 5 1
2 3 1
1 13 1
2 22 1
1 6 1
2 9 1
END
RESULT 88
cost 16
time 0.05502176284790039
1 9 1
2 13 1
1 14 1
2 12 1
1 21 1
2 24 1
END
RESULT 89
cost 19
time 0.05652189254760742
1 0 1
2 2 1
1 18 1
2 5 1
1 15 1
2 9 1
END
RESULT 90
cost 11
time 0.03092503547668457
1 16 1
2 22 1
1 17 1
2 1 1
END
RESULT 91
cost 15
time 0.06746196746826172
1 5 1
2 0 1
1 9 1
2 3 1
1 1 1
2 9 1
END
RESULT 92
cost 22
time 0.05418872833251953
1 16 1
2 15 1
1 14 1
2 11 1
1 4 1
2 0 1
END
RESULT 93
END
RESULT 94
cost 15
time 0.06217193603515625
1 3 1
2 6 1
1 11 1
2 23 1
1 24 1
2 13 1
END
RESULT 95
cost 15
time 0.07009315490722656
1 0 2
2 3 2
1 5 1
2 8 1
1 6 1
2 9 1
END
RESULT 96
END
RESULT 97
cost 7
time 0.027517080307006836
1 0 1
2 1 1
1 18 1
2 19 1
END
RESULT 98
cost 13
time 0.03286886215209961
1 0 1
2 19 1
1 18 1
2 1 1
END
RESULT 99
cost 8
time 0.024791240692138672
1 0 2
2 23 1
2 24 1
END
